Iteration	CPUTime	PhysTime	Travels	Value	AvValue	MinValue	MaxValue	Delta	Criteria	PrevAvRefValue	Progress	CriteriaType	CriteriaVarType	CriteriaPercentage
1	2	0	0.0237455951	-1.00750941e-44	-1.00750941e-44	-1.00750941e-44	-1.00750941e-44	0	0	0	0	0	0	3
2	2	0	0.0474911902	-5.2606014e-06	-2.6303007e-06	-5.2606014e-06	-1.00750941e-44	2.6303007e-06	0	0	0	0	0	3
3	2	0	0.0712367853	-1.02261016e-05	-5.16223434e-06	-1.02261016e-05	-1.00750941e-44	5.16223434e-06	0	0	0	0	0	3
4	3	0	0.0949823804	-1.50901088e-05	-7.64420295e-06	-1.50901088e-05	-1.00750941e-44	7.64420295e-06	0	0	0	0	0	3
5	3	0	0.118727975	-2.0024178e-05	-1.0120198e-05	-2.0024178e-05	-1.00750941e-44	1.0120198e-05	0	0	0	0	0	3
6	3	0	0.142473571	-2.5440297e-05	-1.26735478e-05	-2.5440297e-05	-1.00750941e-44	1.26735478e-05	0	0	0	0	0	3
7	3	0	0.166219166	-3.79043911e-05	-1.6277954e-05	-3.79043911e-05	-1.00750941e-44	1.6277954e-05	0	0	0	0	0	3
8	4	0	0.189964761	-6.53574327e-05	-2.24128888e-05	-6.53574327e-05	-1.00750941e-44	2.24128888e-05	0	0	0	0	0	3
9	4	0	0.213710356	-9.82912241e-05	-3.0843815e-05	-9.82912241e-05	-1.00750941e-44	3.0843815e-05	0	0	0	0	0	3
10	4	0	0.237455951	-0.000124167657	-4.01761992e-05	-0.000124167657	-1.00750941e-44	4.01761992e-05	0	0	0	0	0	3
11	4	0	0.261201546	-0.000145616311	-4.97616639e-05	-0.000145616311	-1.00750941e-44	4.97616639e-05	0	0	0	0	0	3
12	5	0	0.284947141	-0.000172388278	-5.99805484e-05	-0.000172388278	-1.00750941e-44	5.99805484e-05	0	0	0	0	0	3
13	5	0	0.308692736	-0.000194442335	-7.03237628e-05	-0.000194442335	-1.00750941e-44	7.03237628e-05	0	0	0	0	0	3
14	5	0	0.332438331	-0.000213323913	-8.05380592e-05	-0.000213323913	-1.00750941e-44	8.05380592e-05	0	0	0	0	0	3
15	5	0	0.356183926	-0.000229538476	-9.04714203e-05	-0.000229538476	-1.00750941e-44	9.04714203e-05	0	0	0	0	0	3
16	6	0	0.379929521	-0.000242785678	-9.99910614e-05	-0.000242785678	-1.00750941e-44	9.99910614e-05	0	0	0	0	0	3
17	6	0	0.403675117	-0.000259422933	-0.000109369407	-0.000259422933	-1.00750941e-44	0.000109369407	0	0	0	0	0	3
18	6	0	0.427420712	-0.000272206203	-0.000118415895	-0.000272206203	-1.00750941e-44	0.000118415895	0	0	0	0	0	3
19	6	0	0.451166307	-0.000282608095	-0.00012705759	-0.000282608095	-1.00750941e-44	0.00012705759	0	0	0	0	0	3
20	7	0	0.474911902	-0.000291418145	-0.000135275618	-0.000291418145	-1.00750941e-44	0.000135275618	0	0	0	0	0	3
21	7	0	0.498657497	-0.000297903115	-0.000143019785	-0.000297903115	-1.00750941e-44	0.000143019785	0	0	0	0	0	3
22	7	0	0.522403092	-0.000306416127	-0.000150446891	-0.000306416127	-1.00750941e-44	0.000150446891	0	0	0	0	0	3
23	7	0	0.546148687	-0.00031275021	-0.00016466281	-0.00031275021	-5.2606014e-06	0.000162032509	0	0	0	0	0	3
24	8	0	0.569894282	-0.000317260807	-0.000178844637	-0.000317260807	-1.02261016e-05	0.000173682403	0	0	0	0	0	3
25	8	0	0.593639877	-0.000320313408	-0.000192939515	-0.000320313408	-1.50901088e-05	0.000185295312	0	0	0	0	0	3
26	8	0	0.617385472	-0.000321438731	-0.000206864452	-0.000321438731	-2.0024178e-05	0.000196744254	0	0	0	0	0	3
27	8	0	0.641131067	-0.000323117189	-0.000220641407	-0.000323117189	-2.5440297e-05	0.000207967859	0	0	0	0	0	3
28	9	0	0.664876663	-0.00032327192	-0.000234179208	-0.00032327192	-3.79043911e-05	0.000217901254	0	0	0	0	0	3
29	9	0	0.688622258	-0.000323440848	-0.000247158138	-0.000323440848	-6.53574327e-05	0.000224745249	0	0	0	0	0	3
30	9	0	0.712367853	-0.000323780012	-0.000258904619	-0.000323780012	-9.82912241e-05	0.000225488788	0	0	0	0	0	3
31	9	0	0.736113448	-0.00032445457	-0.000269184771	-0.00032445457	-0.000124167657	0.000200286913	0	0	0	0	0	3
32	10	0	0.759859043	-0.000325896714	-0.000278354274	-0.000325896714	-0.000145616311	0.000180280403	0	0	0	0	0	3
33	10	0	0.783604638	-0.000326769826	-0.000286588524	-0.000326769826	-0.000172388278	0.000154381548	0	0	0	0	0	3
34	10	0	0.807350233	-0.000327922299	-0.000293658252	-0.000327922299	-0.000194442335	0.000133479964	0	0	0	0	0	3
35	10	0	0.831095828	-0.000328864934	-0.000299768371	-0.000328864934	-0.000213323913	0.000115541021	0	0	0	0	0	3
36	10	0	0.854841423	-0.000329320642	-0.000305040949	-0.000329320642	-0.000229538476	9.97821654e-05	0	0	0	0	0	3
37	11	0	0.878587018	-0.000329565171	-0.000309587617	-0.000329565171	-0.000242785678	8.67794937e-05	0	0	0	0	0	3
38	11	0	0.902332614	-0.00032985577	-0.000313545349	-0.00032985577	-0.000259422933	7.04328367e-05	0	0	0	0	0	3
39	11	0	0.926078209	-0.000329321905	-0.000316722575	-0.00032985577	-0.000272206203	5.76495674e-05	0	0	0	0	0	3
40	11	0	0.949823804	-0.000328692007	-0.000319290111	-0.00032985577	-0.000282608095	4.72476749e-05	0	0	0	0	0	3
41	12	0	0.973569399	-0.000326895964	-0.000321303196	-0.00032985577	-0.000291418145	3.84376246e-05	0	0	0	0	0	3
42	12	0	0.997314994	-0.000325729997	-0.000322862826	-0.00032985577	-0.000297903115	3.19526547e-05	0	0	0	0	0	3
43	12	0	1.02106059	-0.000324327231	-0.000324063922	-0.00032985577	-0.000306416127	2.34396427e-05	1.68304198e-05	0	71.8	0	0	3
