Iteration	CPUTime	PhysTime	Travels	Value	AvValue	MinValue	MaxValue	Delta	Criteria	PrevAvRefValue	Progress	CriteriaType	CriteriaVarType	CriteriaPercentage
1	2	0	0.0237455951	-1.0077789e-44	-1.0077789e-44	-1.0077789e-44	-1.0077789e-44	0	0	0	0	0	0	3
2	2	0	0.0474911902	1.26425112e-08	6.32125558e-09	-1.0077789e-44	1.26425112e-08	6.32125558e-09	0	0	0	0	0	3
3	2	0	0.0712367853	9.00214551e-08	3.42213221e-08	-1.0077789e-44	9.00214551e-08	3.42213221e-08	0	0	0	0	0	3
4	3	0	0.0949823804	8.73342899e-08	4.7499564e-08	-1.0077789e-44	9.00214551e-08	4.7499564e-08	0	0	0	0	0	3
5	3	0	0.118727975	4.83161453e-08	4.76628803e-08	-1.0077789e-44	9.00214551e-08	4.76628803e-08	0	0	0	0	0	3
6	3	0	0.142473571	7.5453541e-09	4.09766259e-08	-1.0077789e-44	9.00214551e-08	4.76628803e-08	0	0	0	0	0	3
7	3	0	0.166219166	4.97387873e-10	3.51938776e-08	-1.0077789e-44	9.00214551e-08	4.76628803e-08	0	0	0	0	0	3
8	4	0	0.189964761	1.68109156e-10	3.08156566e-08	-1.0077789e-44	9.00214551e-08	4.76628803e-08	0	0	0	0	0	3
9	4	0	0.213710356	-1.68407974e-09	2.72045748e-08	-1.68407974e-09	9.00214551e-08	4.76628803e-08	0	0	0	0	0	3
10	4	0	0.237455951	1.33160786e-08	2.58157251e-08	-1.68407974e-09	9.00214551e-08	4.76628803e-08	0	0	0	0	0	3
11	4	0	0.261201546	6.08211677e-08	2.89980381e-08	-1.68407974e-09	9.00214551e-08	4.76628803e-08	0	0	0	0	0	3
12	5	0	0.284947141	-6.41234685e-08	2.12379126e-08	-6.41234685e-08	9.00214551e-08	4.76628803e-08	0	0	0	0	0	3
13	5	0	0.308692736	-5.25415484e-07	-2.08123487e-08	-5.25415484e-07	9.00214551e-08	6.8475229e-08	0	0	0	0	0	3
14	5	0	0.332438331	-1.94242379e-06	-1.58070309e-07	-1.94242379e-06	9.00214551e-08	2.05733189e-07	0	0	0	0	0	3
15	5	0	0.356183926	-3.92344855e-06	-4.09095525e-07	-3.92344855e-06	9.00214551e-08	4.56758405e-07	0	0	0	0	0	3
16	6	0	0.379929521	-5.16732827e-06	-7.06485071e-07	-5.16732827e-06	9.00214551e-08	7.54147952e-07	0	0	0	0	0	3
17	6	0	0.403675117	-7.4193789e-06	-1.10136118e-06	-7.4193789e-06	9.00214551e-08	1.14902406e-06	0	0	0	0	0	3
18	6	0	0.427420712	-8.94746847e-06	-1.53725603e-06	-8.94746847e-06	9.00214551e-08	1.58491891e-06	0	0	0	0	0	3
19	6	0	0.451166307	-1.03450203e-05	-2.00082257e-06	-1.03450203e-05	9.00214551e-08	2.04848545e-06	0	0	0	0	0	3
20	7	0	0.474911902	-1.18737422e-05	-2.49446855e-06	-1.18737422e-05	9.00214551e-08	2.54213143e-06	0	0	0	0	0	3
21	7	0	0.498657497	-1.18629381e-05	-2.94058615e-06	-1.18737422e-05	9.00214551e-08	2.98824903e-06	0	0	0	0	0	3
22	7	0	0.522403092	-1.33385945e-05	-3.41322289e-06	-1.33385945e-05	9.00214551e-08	3.46088577e-06	0	0	0	0	0	3
23	7	0	0.546148687	-1.43943673e-05	-4.06751231e-06	-1.43943673e-05	9.00214551e-08	4.11517519e-06	0	0	0	0	0	3
24	8	0	0.569894282	-1.48563675e-05	-4.74337641e-06	-1.48563675e-05	9.00214551e-08	4.79103929e-06	0	0	0	0	0	3
25	8	0	0.593639877	-1.47055239e-05	-5.41590119e-06	-1.48563675e-05	8.73342899e-08	5.46356407e-06	0	0	0	0	0	3
26	8	0	0.617385472	-1.25350164e-05	-5.98964441e-06	-1.48563675e-05	6.08211677e-08	6.03730729e-06	0	0	0	0	0	3
27	8	0	0.641131067	-1.10773597e-05	-6.49535694e-06	-1.48563675e-05	6.08211677e-08	6.53633357e-06	0	0	0	0	0	3
28	9	0	0.664876663	-9.01590567e-06	-6.90551381e-06	-1.48563675e-05	6.08211677e-08	6.94070769e-06	0	0	0	0	0	3
29	9	0	0.688622258	-7.58477951e-06	-7.25029912e-06	-1.48563675e-05	6.08211677e-08	7.28111478e-06	0	0	0	0	0	3
30	9	0	0.712367853	-6.68604617e-06	-7.55421795e-06	-1.48563675e-05	6.08211677e-08	7.58321599e-06	0	0	0	0	0	3
31	9	0	0.736113448	-5.98239978e-06	-7.82606867e-06	-1.48563675e-05	6.08211677e-08	7.85506671e-06	0	0	0	0	0	3
32	10	0	0.759859043	-6.27372548e-06	-8.11184328e-06	-1.48563675e-05	6.08211677e-08	8.14084132e-06	0	0	0	0	0	3
33	10	0	0.783604638	-6.27589068e-06	-8.39987564e-06	-1.48563675e-05	-6.41234685e-08	8.42111355e-06	0	0	0	0	0	3
34	10	0	0.807350233	-6.74037874e-06	-8.70334179e-06	-1.48563675e-05	-5.25415484e-07	8.68252944e-06	0	0	0	0	0	3
35	10	0	0.831095828	-7.06156494e-06	-9.00043949e-06	-1.48563675e-05	-1.94242379e-06	8.84236918e-06	0	0	0	0	0	3
36	10	0	0.854841423	-6.85005652e-06	-9.22351371e-06	-1.48563675e-05	-3.92344855e-06	8.81441818e-06	0	0	0	0	0	3
37	11	0	0.878587018	-6.54516304e-06	-9.34268255e-06	-1.48563675e-05	-5.16732827e-06	8.63619748e-06	0	0	0	0	0	3
38	11	0	0.902332614	-6.43874262e-06	-9.40047411e-06	-1.48563675e-05	-5.98239978e-06	8.29911293e-06	0	0	0	0	0	3
39	11	0	0.926078209	-5.46440279e-06	-9.31161156e-06	-1.48563675e-05	-5.46440279e-06	7.86321808e-06	0	0	0	0	0	3
40	11	0	0.949823804	-4.43016146e-06	-9.10627942e-06	-1.48563675e-05	-4.43016146e-06	7.39965154e-06	0	0	0	0	0	3
41	12	0	0.973569399	-2.21306318e-06	-8.73664501e-06	-1.48563675e-05	-2.21306318e-06	6.90600556e-06	0	0	0	0	0	3
42	12	0	0.997314994	-5.31566459e-07	-8.22109156e-06	-1.48563675e-05	-5.31566459e-07	6.45988796e-06	0	0	0	0	0	3
43	12	0	1.02106059	1.10693098e-06	-7.63155206e-06	-1.48563675e-05	1.10693098e-06	5.98725122e-06	8.25536417e-06	0	0	0	0	3
